{
 "cells": [
  {
   "cell_type": "code",
   "execution_count": 1,
   "id": "93c57018",
   "metadata": {},
   "outputs": [],
   "source": [
    "import numpy as np"
   ]
  },
  {
   "cell_type": "code",
   "execution_count": 2,
   "id": "10557960",
   "metadata": {},
   "outputs": [],
   "source": [
    "def gram_schmidt(A):\n",
    "    n = A.shape[1]\n",
    "    Q = np.zeros_like(A, dtype=float)\n",
    "    for i in range(n):\n",
    "        qi = A[:,i]\n",
    "        for j in range(i):\n",
    "            proj = np.dot(A[:,i], Q[:,j]) * Q[:,j]\n",
    "            qi = qi - proj\n",
    "        Q[:,i] = qi / np.linalg.norm(qi)\n",
    "    return Q"
   ]
  },
  {
   "cell_type": "code",
   "execution_count": 3,
   "id": "4459ca1b",
   "metadata": {},
   "outputs": [
    {
     "name": "stdout",
     "output_type": "stream",
     "text": [
      "A\n",
      " [[1 2 3]\n",
      " [4 5 6]\n",
      " [7 8 1]]\n",
      "Wynik kodu:\n",
      " [[ 0.12309149  0.90453403 -0.40824829]\n",
      " [ 0.49236596  0.30151134  0.81649658]\n",
      " [ 0.86164044 -0.30151134 -0.40824829]]\n",
      "Wartości iloczynów skalarnych i norm:\n",
      " [[ 1.00000000e+00  1.45860311e-15 -1.88712020e-15]\n",
      " [ 1.45860311e-15  1.00000000e+00 -1.80126295e-15]\n",
      " [-1.88712020e-15 -1.80126295e-15  1.00000000e+00]]\n"
     ]
    }
   ],
   "source": [
    "A = np.array([[1,2,3],\n",
    "              [4,5,6],\n",
    "              [7,8,1]])\n",
    "print('A\\n', A)\n",
    "\n",
    "Q = gram_schmidt(A)\n",
    "print('Wynik kodu:\\n', Q)\n",
    "print('Wartości iloczynów skalarnych i norm:\\n', Q.T@Q)"
   ]
  },
  {
   "cell_type": "code",
   "execution_count": 4,
   "id": "a9ed1af3",
   "metadata": {},
   "outputs": [],
   "source": [
    "def random_matrices(columns, rows, quantity=1):\n",
    "    result = []\n",
    "    for i in range(quantity):\n",
    "        result.append(np.random.rand(rows, columns))\n",
    "    return np.array(result)"
   ]
  },
  {
   "cell_type": "code",
   "execution_count": 6,
   "id": "ebaca949",
   "metadata": {},
   "outputs": [
    {
     "name": "stdout",
     "output_type": "stream",
     "text": [
      "array [[0.51706292 0.75738738 0.50168855 0.75920327]\n",
      " [0.75738738 1.30984972 0.92135006 1.34917547]\n",
      " [0.50168855 0.92135006 0.96499794 1.3552883 ]\n",
      " [0.75920327 1.34917547 1.3552883  1.91520322]] \n",
      "wynik funkcji\n",
      " [[ 1.00000000e+00  2.64756105e-15 -2.23505831e-15  3.07867117e-10]\n",
      " [ 2.64756105e-15  1.00000000e+00 -1.86588967e-14 -1.20683700e-09]\n",
      " [-2.23505831e-15 -1.86588967e-14  1.00000000e+00  2.70213902e-08]\n",
      " [ 3.07867117e-10 -1.20683700e-09  2.70213902e-08  1.00000000e+00]]\n",
      "array [[0.69324153 0.55187427 0.17178274 0.97757362]\n",
      " [0.55187427 0.50143687 0.19268628 0.8744353 ]\n",
      " [0.17178274 0.19268628 0.20924982 0.54929884]\n",
      " [0.97757362 0.8744353  0.54929884 1.94526004]] \n",
      "wynik funkcji\n",
      " [[ 1.00000000e+00 -3.37644515e-15  4.97612168e-15 -2.28787976e-08]\n",
      " [-3.37644515e-15  1.00000000e+00  1.66957877e-14  1.69220878e-07]\n",
      " [ 4.97612168e-15  1.66957877e-14  1.00000000e+00 -7.03224109e-07]\n",
      " [-2.28787976e-08  1.69220878e-07 -7.03224109e-07  1.00000000e+00]]\n",
      "array [[1.0022444  1.65159981 1.1061687  1.33371797]\n",
      " [1.65159981 3.1403978  2.01290693 2.21230559]\n",
      " [1.1061687  2.01290693 1.39002383 1.52172703]\n",
      " [1.33371797 2.21230559 1.52172703 1.79777794]] \n",
      "wynik funkcji\n",
      " [[ 1.00000000e+00 -2.07855059e-15 -3.94969747e-15  3.38582841e-10]\n",
      " [-2.07855059e-15  1.00000000e+00  9.11308379e-14  1.24791894e-08]\n",
      " [-3.94969747e-15  9.11308379e-14  1.00000000e+00  3.99787813e-08]\n",
      " [ 3.38582841e-10  1.24791894e-08  3.99787813e-08  1.00000000e+00]]\n",
      "array [[1.07199238 1.57857259 1.10632787 1.19148215]\n",
      " [1.57857259 2.76736993 2.22270638 2.23791045]\n",
      " [1.10632787 2.22270638 1.94623245 1.8784379 ]\n",
      " [1.19148215 2.23791045 1.8784379  1.85202919]] \n",
      "wynik funkcji\n",
      " [[ 1.00000000e+00  2.12690936e-16 -3.64635072e-14 -8.90815843e-11]\n",
      " [ 2.12690936e-16  1.00000000e+00 -1.79783585e-13 -2.93848591e-10]\n",
      " [-3.64635072e-14 -1.79783585e-13  1.00000000e+00  7.50539105e-08]\n",
      " [-8.90815843e-11 -2.93848591e-10  7.50539105e-08  1.00000000e+00]]\n",
      "array [[2.21049806 1.24213568 1.32343364 1.9711198 ]\n",
      " [1.24213568 0.76469086 0.81642167 1.05815426]\n",
      " [1.32343364 0.81642167 0.87188628 1.1238012 ]\n",
      " [1.9711198  1.05815426 1.1238012  1.82306913]] \n",
      "wynik funkcji\n",
      " [[ 1.00000000e+00  3.71242756e-16  2.21118739e-13  3.44622733e-10]\n",
      " [ 3.71242756e-16  1.00000000e+00 -6.46021689e-13 -1.10238982e-09]\n",
      " [ 2.21118739e-13 -6.46021689e-13  1.00000000e+00 -7.20296807e-08]\n",
      " [ 3.44622733e-10 -1.10238982e-09 -7.20296807e-08  1.00000000e+00]]\n",
      "array [[1.5409685  1.33664146 1.18342396 0.47482962 0.80245453]\n",
      " [1.33664146 1.82045019 1.78305073 0.71383879 1.06212359]\n",
      " [1.18342396 1.78305073 2.12584149 0.60764281 1.12769041]\n",
      " [0.47482962 0.71383879 0.60764281 0.41916209 0.39165385]\n",
      " [0.80245453 1.06212359 1.12769041 0.39165385 0.64511392]] \n",
      "wynik funkcji\n",
      " [[ 1.00000000e+00  1.06362757e-15 -1.65178337e-15 -6.52965707e-15\n",
      "   4.79924267e-08]\n",
      " [ 1.06362757e-15  1.00000000e+00 -1.24733747e-14 -3.79265374e-14\n",
      "  -1.94790036e-07]\n",
      " [-1.65178337e-15 -1.24733747e-14  1.00000000e+00  6.77977074e-14\n",
      "   1.52674652e-06]\n",
      " [-6.52965707e-15 -3.79265374e-14  6.77977074e-14  1.00000000e+00\n",
      "   4.37864293e-06]\n",
      " [ 4.79924267e-08 -1.94790036e-07  1.52674652e-06  4.37864293e-06\n",
      "   1.00000000e+00]]\n",
      "array [[0.42882288 0.72886561 0.4599146  0.34204305 0.94658045]\n",
      " [0.72886561 2.52116735 2.18107022 0.73297285 2.27839579]\n",
      " [0.4599146  2.18107022 2.05069697 0.54491298 1.79343666]\n",
      " [0.34204305 0.73297285 0.54491298 0.30453764 0.83977356]\n",
      " [0.94658045 2.27839579 1.79343666 0.83977356 2.53736272]] \n",
      "wynik funkcji\n",
      " [[ 1.00000000e+00 -5.46468422e-16  2.12280071e-15 -1.07503397e-15\n",
      "  -6.81529308e-11]\n",
      " [-5.46468422e-16  1.00000000e+00  4.24997822e-14  2.67652300e-14\n",
      "  -1.25809067e-10]\n",
      " [ 2.12280071e-15  4.24997822e-14  1.00000000e+00 -6.97353216e-13\n",
      "  -2.24601463e-08]\n",
      " [-1.07503397e-15  2.67652300e-14 -6.97353216e-13  1.00000000e+00\n",
      "   1.54579750e-08]\n",
      " [-6.81529308e-11 -1.25809067e-10 -2.24601463e-08  1.54579750e-08\n",
      "   1.00000000e+00]]\n",
      "array [[0.86051787 1.11715581 0.96087765 0.39404104 0.72735046]\n",
      " [1.11715581 2.0176645  1.23846814 1.01492541 1.48154146]\n",
      " [0.96087765 1.23846814 1.09592972 0.42860483 0.70567207]\n",
      " [0.39404104 1.01492541 0.42860483 0.69872815 0.94287366]\n",
      " [0.72735046 1.48154146 0.70567207 0.94287366 1.74107908]] \n",
      "wynik funkcji\n",
      " [[ 1.00000000e+00  2.42901090e-16  1.49355578e-15 -1.18927510e-16\n",
      "   8.62903733e-10]\n",
      " [ 2.42901090e-16  1.00000000e+00 -6.66831622e-15 -1.54157015e-14\n",
      "  -5.66640884e-09]\n",
      " [ 1.49355578e-15 -6.66831622e-15  1.00000000e+00  4.26137909e-14\n",
      "  -2.62676073e-09]\n",
      " [-1.18927510e-16 -1.54157015e-14  4.26137909e-14  1.00000000e+00\n",
      "   9.21409396e-08]\n",
      " [ 8.62903733e-10 -5.66640884e-09 -2.62676073e-09  9.21409396e-08\n",
      "   1.00000000e+00]]\n",
      "array [[1.88919661 0.8774074  1.42231957 1.92337592 1.74848378]\n",
      " [0.8774074  0.97372721 1.31745233 1.26927602 1.22063688]\n",
      " [1.42231957 1.31745233 1.84340117 1.93177998 1.79358338]\n",
      " [1.92337592 1.26927602 1.93177998 2.74979641 2.01334707]\n",
      " [1.74848378 1.22063688 1.79358338 2.01334707 1.92253984]] \n",
      "wynik funkcji\n",
      " [[ 1.00000000e+00 -2.68725390e-16  1.19212152e-14 -7.74287773e-14\n",
      "  -1.70653044e-11]\n",
      " [-2.68725390e-16  1.00000000e+00  2.61792649e-14 -1.64795405e-13\n",
      "   1.37500052e-11]\n",
      " [ 1.19212152e-14  2.61792649e-14  1.00000000e+00 -1.00103824e-12\n",
      "  -2.17254174e-09]\n",
      " [-7.74287773e-14 -1.64795405e-13 -1.00103824e-12  1.00000000e+00\n",
      "   1.08459425e-08]\n",
      " [-1.70653044e-11  1.37500052e-11 -2.17254174e-09  1.08459425e-08\n",
      "   1.00000000e+00]]\n",
      "array [[0.20211352 0.57356508 0.33194654 0.46785826 0.42634626]\n",
      " [0.57356508 1.7798496  1.08305778 1.41858825 1.35100965]\n",
      " [0.33194654 1.08305778 0.70676904 0.91511564 0.79806187]\n",
      " [0.46785826 1.41858825 0.91511564 1.34303481 0.95636145]\n",
      " [0.42634626 1.35100965 0.79806187 0.95636145 1.09461645]] \n",
      "wynik funkcji\n",
      " [[ 1.00000000e+00 -6.94776465e-15  2.71692329e-15 -6.35383621e-14\n",
      "  -7.71072689e-11]\n",
      " [-6.94776465e-15  1.00000000e+00  1.78434557e-13 -1.02739467e-12\n",
      "   7.85979222e-09]\n",
      " [ 2.71692329e-15  1.78434557e-13  1.00000000e+00 -7.35435419e-14\n",
      "  -9.99654132e-09]\n",
      " [-6.35383621e-14 -1.02739467e-12 -7.35435419e-14  1.00000000e+00\n",
      "   8.77813382e-08]\n",
      " [-7.71072689e-11  7.85979222e-09 -9.99654132e-09  8.77813382e-08\n",
      "   1.00000000e+00]]\n",
      "array [[1.62470027 1.18550881 1.24988707 1.19070769 0.66050869]\n",
      " [1.18550881 1.31425014 1.12704726 1.20884801 0.81426802]\n",
      " [1.24988707 1.12704726 1.1463708  0.9622004  0.66167699]\n",
      " [1.19070769 1.20884801 0.9622004  1.3133396  0.78540385]\n",
      " [0.66050869 0.81426802 0.66167699 0.78540385 0.61583554]] \n",
      "wynik funkcji\n",
      " [[ 1.00000000e+00 -1.57560482e-15 -1.84487321e-15 -1.59638075e-14\n",
      "   4.88011563e-06]\n",
      " [-1.57560482e-15  1.00000000e+00  2.69007515e-14  2.80975023e-13\n",
      "  -6.56921769e-05]\n",
      " [-1.84487321e-15  2.69007515e-14  1.00000000e+00 -2.05054407e-13\n",
      "   3.02353615e-05]\n",
      " [-1.59638075e-14  2.80975023e-13 -2.05054407e-13  1.00000000e+00\n",
      "  -3.10994052e-04]\n",
      " [ 4.88011563e-06 -6.56921769e-05  3.02353615e-05 -3.10994052e-04\n",
      "   1.00000000e+00]]\n",
      "array [[3.00287487 2.02048649 1.81788321 1.69169137 1.91750535]\n",
      " [2.02048649 1.80766205 0.95759959 1.02637083 1.17153673]\n",
      " [1.81788321 0.95759959 1.75406156 1.49794872 1.60801817]\n",
      " [1.69169137 1.02637083 1.49794872 1.50236126 1.21800731]\n",
      " [1.91750535 1.17153673 1.60801817 1.21800731 1.75939963]] \n",
      "wynik funkcji\n",
      " [[ 1.00000000e+00  1.48636773e-15  5.33742121e-15 -1.04722779e-15\n",
      "  -7.82372448e-11]\n",
      " [ 1.48636773e-15  1.00000000e+00 -1.29102559e-14  5.76073878e-16\n",
      "  -5.76279289e-09]\n",
      " [ 5.33742121e-15 -1.29102559e-14  1.00000000e+00 -8.21979123e-14\n",
      "  -2.27925172e-07]\n",
      " [-1.04722779e-15  5.76073878e-16 -8.21979123e-14  1.00000000e+00\n",
      "   1.22506828e-07]\n",
      " [-7.82372448e-11 -5.76279289e-09 -2.27925172e-07  1.22506828e-07\n",
      "   1.00000000e+00]]\n",
      "array [[1.76768517 2.21913555 0.5948349  0.84461259 1.54854036]\n",
      " [2.21913555 3.31362421 1.26579894 1.5313     2.38018861]\n",
      " [0.5948349  1.26579894 1.14754972 1.02773176 1.52426888]\n",
      " [0.84461259 1.5313     1.02773176 1.00530021 1.49701815]\n",
      " [1.54854036 2.38018861 1.52426888 1.49701815 2.47188708]] \n",
      "wynik funkcji\n",
      " [[ 1.00000000e+00 -1.42063185e-15  2.94477227e-15  2.06746226e-14\n",
      "   3.65549360e-12]\n",
      " [-1.42063185e-15  1.00000000e+00  7.01935054e-15  1.02124412e-12\n",
      "   6.43349156e-10]\n",
      " [ 2.94477227e-15  7.01935054e-15  1.00000000e+00 -9.49067538e-12\n",
      "  -8.29286465e-09]\n",
      " [ 2.06746226e-14  1.02124412e-12 -9.49067538e-12  1.00000000e+00\n",
      "   1.45581122e-06]\n",
      " [ 3.65549360e-12  6.43349156e-10 -8.29286465e-09  1.45581122e-06\n",
      "   1.00000000e+00]]\n",
      "array [[1.82124157 0.74799986 1.26448565 1.47531595 0.36105233]\n",
      " [0.74799986 1.04222655 1.38475073 1.40647779 0.87165714]\n",
      " [1.26448565 1.38475073 2.12297962 1.8597009  0.88971483]\n",
      " [1.47531595 1.40647779 1.8597009  2.14183863 1.22034072]\n",
      " [0.36105233 0.87165714 0.88971483 1.22034072 1.04748685]] \n",
      "wynik funkcji\n",
      " [[ 1.00000000e+00  1.46646399e-18  9.86167650e-16  1.88027487e-14\n",
      "   4.97424301e-11]\n",
      " [ 1.46646399e-18  1.00000000e+00 -5.11947320e-16 -8.43024475e-15\n",
      "  -3.43402700e-10]\n",
      " [ 9.86167650e-16 -5.11947320e-16  1.00000000e+00 -1.78771413e-13\n",
      "   5.07949433e-09]\n",
      " [ 1.88027487e-14 -8.43024475e-15 -1.78771413e-13  1.00000000e+00\n",
      "  -1.21195791e-07]\n",
      " [ 4.97424301e-11 -3.43402700e-10  5.07949433e-09 -1.21195791e-07\n",
      "   1.00000000e+00]]\n"
     ]
    },
    {
     "name": "stdout",
     "output_type": "stream",
     "text": [
      "array [[2.15428676 1.65005802 1.38201018 0.68827218 0.9336649 ]\n",
      " [1.65005802 1.63329616 1.51793033 0.79147515 1.02476653]\n",
      " [1.38201018 1.51793033 1.54393799 0.92354346 1.0866619 ]\n",
      " [0.68827218 0.79147515 0.92354346 0.69824756 0.70098969]\n",
      " [0.9336649  1.02476653 1.0866619  0.70098969 0.786886  ]] \n",
      "wynik funkcji\n",
      " [[ 1.00000000e+00  1.18236244e-15 -7.87369082e-15  1.30874633e-13\n",
      "   1.48329672e-11]\n",
      " [ 1.18236244e-15  1.00000000e+00 -2.60622896e-14  4.37360648e-13\n",
      "   3.22098772e-11]\n",
      " [-7.87369082e-15 -2.60622896e-14  1.00000000e+00  2.66051817e-12\n",
      "   4.78895587e-10]\n",
      " [ 1.30874633e-13  4.37360648e-13  2.66051817e-12  1.00000000e+00\n",
      "  -1.31452313e-08]\n",
      " [ 1.48329672e-11  3.22098772e-11  4.78895587e-10 -1.31452313e-08\n",
      "   1.00000000e+00]]\n",
      "array [[2.53725413 1.62928192 2.37985212 1.90418668 2.53176709 2.02415566]\n",
      " [1.62928192 2.12062329 1.55505517 1.39471457 1.58030865 1.27229464]\n",
      " [2.37985212 1.55505517 2.38454537 1.77219596 2.26638434 1.95200994]\n",
      " [1.90418668 1.39471457 1.77219596 1.94622889 2.11277586 1.47660344]\n",
      " [2.53176709 1.58030865 2.26638434 2.11277586 2.76783586 1.93142089]\n",
      " [2.02415566 1.27229464 1.95200994 1.47660344 1.93142089 1.65576203]] \n",
      "wynik funkcji\n",
      " [[ 1.00000000e+00  5.50023377e-16  3.44896784e-15  3.99559965e-16\n",
      "   8.19248868e-16 -2.89178414e-10]\n",
      " [ 5.50023377e-16  1.00000000e+00 -1.32304290e-14 -1.33967524e-14\n",
      "  -7.47748605e-14 -2.32150969e-09]\n",
      " [ 3.44896784e-15 -1.32304290e-14  1.00000000e+00 -3.18145929e-14\n",
      "  -2.42200783e-13 -1.64298142e-08]\n",
      " [ 3.99559965e-16 -1.33967524e-14 -3.18145929e-14  1.00000000e+00\n",
      "  -2.04183003e-13 -3.24075222e-09]\n",
      " [ 8.19248868e-16 -7.47748605e-14 -2.42200783e-13 -2.04183003e-13\n",
      "   1.00000000e+00  1.18287375e-08]\n",
      " [-2.89178414e-10 -2.32150969e-09 -1.64298142e-08 -3.24075222e-09\n",
      "   1.18287375e-08  1.00000000e+00]]\n",
      "array [[3.05942554 2.20294979 1.76728655 2.31024904 1.71699801 1.94821178]\n",
      " [2.20294979 2.17480306 1.26349182 1.92576353 1.18625954 1.95087909]\n",
      " [1.76728655 1.26349182 1.48112237 1.96643761 0.89815925 1.01960943]\n",
      " [2.31024904 1.92576353 1.96643761 2.76349593 1.1351522  1.60063966]\n",
      " [1.71699801 1.18625954 0.89815925 1.1351522  0.99719275 1.09307064]\n",
      " [1.94821178 1.95087909 1.01960943 1.60063966 1.09307064 1.95608427]] \n",
      "wynik funkcji\n",
      " [[ 1.00000000e+00 -2.06761679e-16  3.50521697e-16 -7.98713166e-15\n",
      "   1.11715615e-14  5.26904462e-11]\n",
      " [-2.06761679e-16  1.00000000e+00  1.02388400e-15 -8.44715847e-15\n",
      "   4.93267972e-14 -3.43504936e-10]\n",
      " [ 3.50521697e-16  1.02388400e-15  1.00000000e+00 -9.98960329e-14\n",
      "  -1.54201507e-14  1.17234347e-09]\n",
      " [-7.98713166e-15 -8.44715847e-15 -9.98960329e-14  1.00000000e+00\n",
      "   3.91379642e-13 -2.16927304e-09]\n",
      " [ 1.11715615e-14  4.93267972e-14 -1.54201507e-14  3.91379642e-13\n",
      "   1.00000000e+00 -1.55158623e-08]\n",
      " [ 5.26904462e-11 -3.43504936e-10  1.17234347e-09 -2.16927304e-09\n",
      "  -1.55158623e-08  1.00000000e+00]]\n",
      "array [[3.14184821 2.05631572 2.06054344 2.36247913 1.66349061 1.08865503]\n",
      " [2.05631572 1.72118323 1.45539265 1.36601872 0.95508189 0.87482289]\n",
      " [2.06054344 1.45539265 1.9238129  1.75767961 0.995053   1.02650452]\n",
      " [2.36247913 1.36601872 1.75767961 2.30489936 1.24329534 0.74440822]\n",
      " [1.66349061 0.95508189 0.995053   1.24329534 1.15129639 0.60934823]\n",
      " [1.08865503 0.87482289 1.02650452 0.74440822 0.60934823 0.67596576]] \n",
      "wynik funkcji\n",
      " [[ 1.00000000e+00 -1.02911370e-15 -6.81925230e-16 -8.20967053e-15\n",
      "  -1.64043548e-14 -1.31350631e-10]\n",
      " [-1.02911370e-15  1.00000000e+00  7.34355952e-15  8.24299327e-15\n",
      "   3.14302987e-14 -3.43379759e-10]\n",
      " [-6.81925230e-16  7.34355952e-15  1.00000000e+00  2.04992678e-14\n",
      "   4.30254814e-14 -1.99782887e-10]\n",
      " [-8.20967053e-15  8.24299327e-15  2.04992678e-14  1.00000000e+00\n",
      "   1.64994426e-13 -1.58260784e-09]\n",
      " [-1.64043548e-14  3.14302987e-14  4.30254814e-14  1.64994426e-13\n",
      "   1.00000000e+00  2.20497019e-08]\n",
      " [-1.31350631e-10 -3.43379759e-10 -1.99782887e-10 -1.58260784e-09\n",
      "   2.20497019e-08  1.00000000e+00]]\n",
      "array [[1.73777169 1.44184906 1.70583311 1.21559975 0.73887783 0.55776517]\n",
      " [1.44184906 2.16152716 2.30070486 1.91743049 1.378684   0.94484168]\n",
      " [1.70583311 2.30070486 3.13181275 2.08643225 1.75546645 0.96304189]\n",
      " [1.21559975 1.91743049 2.08643225 1.98488168 0.98997606 0.50947713]\n",
      " [0.73887783 1.378684   1.75546645 0.98997606 1.54691065 0.94426024]\n",
      " [0.55776517 0.94484168 0.96304189 0.50947713 0.94426024 0.82450052]] \n",
      "wynik funkcji\n",
      " [[ 1.00000000e+00  1.48555418e-16  1.56162459e-15  3.08347210e-17\n",
      "  -2.82840196e-15 -1.54405591e-10]\n",
      " [ 1.48555418e-16  1.00000000e+00 -1.19263953e-15 -8.43058311e-16\n",
      "  -1.64705262e-15 -2.63984707e-09]\n",
      " [ 1.56162459e-15 -1.19263953e-15  1.00000000e+00 -9.40729893e-15\n",
      "  -6.99688410e-14 -3.06711863e-08]\n",
      " [ 3.08347210e-17 -8.43058311e-16 -9.40729893e-15  1.00000000e+00\n",
      "   3.50404304e-14  3.07802214e-09]\n",
      " [-2.82840196e-15 -1.64705262e-15 -6.99688410e-14  3.50404304e-14\n",
      "   1.00000000e+00  1.27775039e-07]\n",
      " [-1.54405591e-10 -2.63984707e-09 -3.06711863e-08  3.07802214e-09\n",
      "   1.27775039e-07  1.00000000e+00]]\n",
      "array [[1.93981367 2.11729667 2.08447128 2.37563236 1.04098383 1.69816058]\n",
      " [2.11729667 2.43005789 2.29452456 2.4480375  1.12875923 1.85733237]\n",
      " [2.08447128 2.29452456 2.39132699 2.56298084 1.21521801 1.80435985]\n",
      " [2.37563236 2.4480375  2.56298084 3.14455383 1.21464998 2.11287486]\n",
      " [1.04098383 1.12875923 1.21521801 1.21464998 0.92323059 0.79175246]\n",
      " [1.69816058 1.85733237 1.80435985 2.11287486 0.79175246 1.53150767]] \n",
      "wynik funkcji\n",
      " [[ 1.00000000e+00  2.66228929e-15 -1.48692316e-15  7.66181953e-15\n",
      "   8.55160774e-14 -1.64310819e-10]\n",
      " [ 2.66228929e-15  1.00000000e+00 -8.84003627e-14 -2.24622671e-13\n",
      "  -1.39720964e-12 -1.84283581e-09]\n",
      " [-1.48692316e-15 -8.84003627e-14  1.00000000e+00 -1.80897770e-13\n",
      "  -1.45163867e-12  3.55052162e-09]\n",
      " [ 7.66181953e-15 -2.24622671e-13 -1.80897770e-13  1.00000000e+00\n",
      "   1.59961532e-12 -1.22504078e-08]\n",
      " [ 8.55160774e-14 -1.39720964e-12 -1.45163867e-12  1.59961532e-12\n",
      "   1.00000000e+00 -1.84653087e-07]\n",
      " [-1.64310819e-10 -1.84283581e-09  3.55052162e-09 -1.22504078e-08\n",
      "  -1.84653087e-07  1.00000000e+00]]\n",
      "array [[1.10476249 1.35184837 1.63813459 1.18310571 1.54558219 1.50066339]\n",
      " [1.35184837 2.63652705 2.31393591 1.4626283  1.92458226 2.25433356]\n",
      " [1.63813459 2.31393591 3.67513832 1.64618671 2.13211535 3.35355027]\n",
      " [1.18310571 1.4626283  1.64618671 1.38533306 1.66221055 1.52439394]\n",
      " [1.54558219 1.92458226 2.13211535 1.66221055 2.20207044 1.96633902]\n",
      " [1.50066339 2.25433356 3.35355027 1.52439394 1.96633902 3.08204063]] \n",
      "wynik funkcji\n",
      " [[ 1.00000000e+00  9.40384599e-16  1.15196578e-15  5.84203224e-15\n",
      "   1.17122793e-13 -1.26698021e-10]\n",
      " [ 9.40384599e-16  1.00000000e+00 -4.78905325e-15 -4.23683554e-14\n",
      "  -9.01259604e-13  5.74374616e-11]\n",
      " [ 1.15196578e-15 -4.78905325e-15  1.00000000e+00 -4.62281615e-14\n",
      "  -8.65660280e-13 -4.14670491e-10]\n",
      " [ 5.84203224e-15 -4.23683554e-14 -4.62281615e-14  1.00000000e+00\n",
      "  -5.27573806e-12  4.55616953e-09]\n",
      " [ 1.17122793e-13 -9.01259604e-13 -8.65660280e-13 -5.27573806e-12\n",
      "   1.00000000e+00  8.38710979e-08]\n",
      " [-1.26698021e-10  5.74374616e-11 -4.14670491e-10  4.55616953e-09\n",
      "   8.38710979e-08  1.00000000e+00]]\n",
      "array [[1.20560191 1.31700587 1.31209108 1.29272872 1.02272197 1.84323872]\n",
      " [1.31700587 2.915284   2.21319609 1.5528192  2.14308408 2.72521486]\n",
      " [1.31209108 2.21319609 2.29626698 1.68171531 1.46030439 2.26639991]\n",
      " [1.29272872 1.5528192  1.68171531 1.81536117 1.00732387 2.06796283]\n",
      " [1.02272197 2.14308408 1.46030439 1.00732387 1.7950003  2.11348048]\n",
      " [1.84323872 2.72521486 2.26639991 2.06796283 2.11348048 3.21580681]] \n",
      "wynik funkcji\n",
      " [[ 1.00000000e+00  1.06155399e-17 -1.76184696e-15  3.75620976e-15\n",
      "  -3.82993205e-15 -2.99919354e-09]\n",
      " [ 1.06155399e-17  1.00000000e+00 -5.22424681e-16  4.73937376e-16\n",
      "  -5.95143951e-15  1.10470411e-09]\n",
      " [-1.76184696e-15 -5.22424681e-16  1.00000000e+00  2.69131406e-14\n",
      "   1.47524640e-13  2.54989225e-08]\n",
      " [ 3.75620976e-15  4.73937376e-16  2.69131406e-14  1.00000000e+00\n",
      "  -1.05906779e-13 -6.31023878e-08]\n",
      " [-3.82993205e-15 -5.95143951e-15  1.47524640e-13 -1.05906779e-13\n",
      "   1.00000000e+00  1.92260129e-07]\n",
      " [-2.99919354e-09  1.10470411e-09  2.54989225e-08 -6.31023878e-08\n",
      "   1.92260129e-07  1.00000000e+00]]\n",
      "array [[1.73714203 1.36159123 1.9606236  0.83252445 1.08554786 1.4974198 ]\n",
      " [1.36159123 1.4143206  1.7007437  0.68102157 0.85499185 1.37864748]\n",
      " [1.9606236  1.7007437  3.22462267 1.46092628 2.28657301 1.98670231]\n",
      " [0.83252445 0.68102157 1.46092628 0.73362669 1.13511371 0.81171677]\n",
      " [1.08554786 0.85499185 2.28657301 1.13511371 2.13085435 1.36886198]\n",
      " [1.4974198  1.37864748 1.98670231 0.81171677 1.36886198 1.6987604 ]] \n",
      "wynik funkcji\n",
      " [[ 1.00000000e+00 -1.08096655e-15 -6.78212756e-16  5.56905688e-15\n",
      "  -8.74398922e-16  1.30094970e-09]\n",
      " [-1.08096655e-15  1.00000000e+00  5.92912937e-15 -1.70704763e-14\n",
      "  -1.83346476e-14  6.78792523e-09]\n",
      " [-6.78212756e-16  5.92912937e-15  1.00000000e+00  4.52134586e-14\n",
      "   2.88621197e-14  5.23677335e-10]\n",
      " [ 5.56905688e-15 -1.70704763e-14  4.52134586e-14  1.00000000e+00\n",
      "  -3.67068197e-13  7.87801941e-08]\n",
      " [-8.74398922e-16 -1.83346476e-14  2.88621197e-14 -3.67068197e-13\n",
      "   1.00000000e+00 -6.71033304e-08]\n",
      " [ 1.30094970e-09  6.78792523e-09  5.23677335e-10  7.87801941e-08\n",
      "  -6.71033304e-08  1.00000000e+00]]\n",
      "array [[1.58965488 0.88525167 1.46217381 1.50868539 1.83105198 1.63808077]\n",
      " [0.88525167 0.91920354 1.03311818 0.69275871 1.17613093 0.9526275 ]\n",
      " [1.46217381 1.03311818 1.84782846 1.37059281 1.62059117 1.51597311]\n",
      " [1.50868539 0.69275871 1.37059281 1.61142939 1.64509055 1.53738947]\n",
      " [1.83105198 1.17613093 1.62059117 1.64509055 2.24756287 1.82055166]\n",
      " [1.63808077 0.9526275  1.51597311 1.53738947 1.82055166 1.97884061]] \n",
      "wynik funkcji\n",
      " [[ 1.00000000e+00 -3.89942024e-16 -1.63383428e-15 -1.22520095e-14\n",
      "  -1.31453587e-14 -2.37554532e-10]\n",
      " [-3.89942024e-16  1.00000000e+00  3.31457634e-15  1.11615895e-14\n",
      "   2.57739919e-14  4.23353085e-10]\n",
      " [-1.63383428e-15  3.31457634e-15  1.00000000e+00  7.07019241e-14\n",
      "   7.41123789e-14  1.38784365e-09]\n",
      " [-1.22520095e-14  1.11615895e-14  7.07019241e-14  1.00000000e+00\n",
      "   7.41182129e-13  1.14982692e-08]\n",
      " [-1.31453587e-14  2.57739919e-14  7.41123789e-14  7.41182129e-13\n",
      "   1.00000000e+00  4.23268355e-09]\n",
      " [-2.37554532e-10  4.23353085e-10  1.38784365e-09  1.14982692e-08\n",
      "   4.23268355e-09  1.00000000e+00]]\n",
      "array [[1.74910684 0.98145311 1.05807942 1.91240195 1.41641657 2.01598132\n",
      "  1.25175671]\n",
      " [0.98145311 1.15246273 0.75054078 1.44450098 0.8405425  1.02258877\n",
      "  1.09429742]\n",
      " [1.05807942 0.75054078 1.03378801 1.55376467 1.13177567 1.29656668\n",
      "  1.16085267]\n",
      " [1.91240195 1.44450098 1.55376467 3.15530802 2.45892185 2.32971396\n",
      "  2.0835446 ]\n",
      " [1.41641657 0.8405425  1.13177567 2.45892185 2.24806369 1.72814662\n",
      "  1.39063149]\n",
      " [2.01598132 1.02258877 1.29656668 2.32971396 1.72814662 2.56136256\n",
      "  1.65238886]\n",
      " [1.25175671 1.09429742 1.16085267 2.0835446  1.39063149 1.65238886\n",
      "  1.64262318]] \n",
      "wynik funkcji\n",
      " [[ 1.00000000e+00  1.71399183e-16 -1.01569951e-15  4.80995034e-16\n",
      "   1.68886484e-16 -1.24632269e-14  1.49577166e-08]\n",
      " [ 1.71399183e-16  1.00000000e+00 -1.29291284e-15 -6.84384241e-16\n",
      "   2.66687377e-15  3.90084237e-15  5.26794183e-08]\n",
      " [-1.01569951e-15 -1.29291284e-15  1.00000000e+00  1.09567903e-14\n",
      "  -2.39620610e-14  6.95169865e-15 -7.95436187e-08]\n",
      " [ 4.80995034e-16 -6.84384241e-16  1.09567903e-14  1.00000000e+00\n",
      "  -5.49595477e-14 -2.26906430e-13 -5.51991559e-07]\n",
      " [ 1.68886484e-16  2.66687377e-15 -2.39620610e-14 -5.49595477e-14\n",
      "   1.00000000e+00  4.18159804e-14  9.00851611e-07]\n",
      " [-1.24632269e-14  3.90084237e-15  6.95169865e-15 -2.26906430e-13\n",
      "   4.18159804e-14  1.00000000e+00  5.70648933e-06]\n",
      " [ 1.49577166e-08  5.26794183e-08 -7.95436187e-08 -5.51991559e-07\n",
      "   9.00851611e-07  5.70648933e-06  1.00000000e+00]]\n"
     ]
    },
    {
     "name": "stdout",
     "output_type": "stream",
     "text": [
      "array [[1.1483592  0.89906819 1.93344114 1.65645028 1.21427648 1.35612289\n",
      "  1.57645585]\n",
      " [0.89906819 1.7964568  2.41157939 2.0554555  1.38726862 2.22613672\n",
      "  1.15364223]\n",
      " [1.93344114 2.41157939 4.51843436 3.40106365 2.83923012 3.48631394\n",
      "  3.06473473]\n",
      " [1.65645028 2.0554555  3.40106365 3.00361908 1.88471062 2.72792285\n",
      "  2.11252845]\n",
      " [1.21427648 1.38726862 2.83923012 1.88471062 2.39142226 2.26364955\n",
      "  2.09367888]\n",
      " [1.35612289 2.22613672 3.48631394 2.72792285 2.26364955 3.04116198\n",
      "  2.06702626]\n",
      " [1.57645585 1.15364223 3.06473473 2.11252845 2.09367888 2.06702626\n",
      "  2.91786528]] \n",
      "wynik funkcji\n",
      " [[ 1.00000000e+00 -3.48291029e-16  9.08143638e-16 -7.00115801e-16\n",
      "  -6.48909588e-15  1.96880822e-14 -7.89367468e-11]\n",
      " [-3.48291029e-16  1.00000000e+00  5.99847449e-15  2.45681677e-14\n",
      "   3.56195591e-14  5.25936062e-14  5.37766277e-11]\n",
      " [ 9.08143638e-16  5.99847449e-15  1.00000000e+00 -9.30306489e-14\n",
      "  -2.21498267e-13 -4.35195787e-13 -3.02534015e-10]\n",
      " [-7.00115801e-16  2.45681677e-14 -9.30306489e-14  1.00000000e+00\n",
      "   3.29697030e-13 -1.13639618e-13  3.41951899e-09]\n",
      " [-6.48909588e-15  3.56195591e-14 -2.21498267e-13  3.29697030e-13\n",
      "   1.00000000e+00  2.78246423e-12 -7.35387422e-10]\n",
      " [ 1.96880822e-14  5.25936062e-14 -4.35195787e-13 -1.13639618e-13\n",
      "   2.78246423e-12  1.00000000e+00  1.62762164e-08]\n",
      " [-7.89367468e-11  5.37766277e-11 -3.02534015e-10  3.41951899e-09\n",
      "  -7.35387422e-10  1.62762164e-08  1.00000000e+00]]\n",
      "array [[1.66508657 1.5669485  1.5852658  0.91240285 1.23795984 1.45894041\n",
      "  2.26692581]\n",
      " [1.5669485  2.45355846 2.27686994 1.45430498 1.5181831  2.354693\n",
      "  2.6752875 ]\n",
      " [1.5852658  2.27686994 2.58301806 1.8256257  1.5419174  2.58458173\n",
      "  2.4144221 ]\n",
      " [0.91240285 1.45430498 1.8256257  1.63572523 0.85370854 2.03670952\n",
      "  1.40503675]\n",
      " [1.23795984 1.5181831  1.5419174  0.85370854 1.3038932  1.67671207\n",
      "  1.99872268]\n",
      " [1.45894041 2.354693   2.58458173 2.03670952 1.67671207 3.18007836\n",
      "  2.66160089]\n",
      " [2.26692581 2.6752875  2.4144221  1.40503675 1.99872268 2.66160089\n",
      "  3.9699453 ]] \n",
      "wynik funkcji\n",
      " [[ 1.00000000e+00  1.02991256e-15  1.62396047e-16 -1.05678501e-15\n",
      "   7.20257439e-16 -6.45296141e-14  2.49921531e-10]\n",
      " [ 1.02991256e-15  1.00000000e+00 -1.01811759e-14  1.38138840e-14\n",
      "  -8.62811737e-15 -1.10511169e-14 -1.49797805e-10]\n",
      " [ 1.62396047e-16 -1.01811759e-14  1.00000000e+00  4.67019253e-14\n",
      "   3.15319403e-14 -4.08360402e-13  1.23417916e-09]\n",
      " [-1.05678501e-15  1.38138840e-14  4.67019253e-14  1.00000000e+00\n",
      "  -7.33464479e-15 -1.89506581e-12  7.49348206e-09]\n",
      " [ 7.20257439e-16 -8.62811737e-15  3.15319403e-14 -7.33464479e-15\n",
      "   1.00000000e+00 -3.44464188e-13  1.48919503e-09]\n",
      " [-6.45296141e-14 -1.10511169e-14 -4.08360402e-13 -1.89506581e-12\n",
      "  -3.44464188e-13  1.00000000e+00  1.34946824e-08]\n",
      " [ 2.49921531e-10 -1.49797805e-10  1.23417916e-09  7.49348206e-09\n",
      "   1.48919503e-09  1.34946824e-08  1.00000000e+00]]\n",
      "array [[1.84373598 1.15630578 1.70590079 1.3921962  1.86294193 1.46031126\n",
      "  1.91919969]\n",
      " [1.15630578 0.99232332 1.09828804 0.98071808 1.05225303 0.72737545\n",
      "  1.53190645]\n",
      " [1.70590079 1.09828804 2.55543933 2.05052509 2.13895037 1.91618728\n",
      "  2.50793338]\n",
      " [1.3921962  0.98071808 2.05052509 2.86355576 2.1656767  1.86232926\n",
      "  2.01734007]\n",
      " [1.86294193 1.05225303 2.13895037 2.1656767  2.90772323 2.0984909\n",
      "  2.54863835]\n",
      " [1.46031126 0.72737545 1.91618728 1.86232926 2.0984909  1.79810337\n",
      "  1.76723085]\n",
      " [1.91919969 1.53190645 2.50793338 2.01734007 2.54863835 1.76723085\n",
      "  3.34837535]] \n",
      "wynik funkcji\n",
      " [[ 1.00000000e+00  4.88766395e-16 -5.77434770e-16  8.53945380e-16\n",
      "  -3.32846653e-16  8.28159232e-14  3.88107954e-10]\n",
      " [ 4.88766395e-16  1.00000000e+00 -2.52687604e-15  4.08622376e-16\n",
      "  -2.90107768e-15 -9.23551104e-14 -2.12443194e-10]\n",
      " [-5.77434770e-16 -2.52687604e-15  1.00000000e+00  2.79370777e-15\n",
      "   2.63677056e-15  6.73447458e-14  8.24507972e-10]\n",
      " [ 8.53945380e-16  4.08622376e-16  2.79370777e-15  1.00000000e+00\n",
      "  -1.13793646e-14 -7.69659140e-13 -2.22162846e-09]\n",
      " [-3.32846653e-16 -2.90107768e-15  2.63677056e-15 -1.13793646e-14\n",
      "   1.00000000e+00  5.16040609e-13  1.44652883e-09]\n",
      " [ 8.28159232e-14 -9.23551104e-14  6.73447458e-14 -7.69659140e-13\n",
      "   5.16040609e-13  1.00000000e+00 -1.32176911e-07]\n",
      " [ 3.88107954e-10 -2.12443194e-10  8.24507972e-10 -2.22162846e-09\n",
      "   1.44652883e-09 -1.32176911e-07  1.00000000e+00]]\n",
      "array [[2.59991049 0.97589184 2.41226364 2.32504711 2.02497223 1.59703373\n",
      "  2.3665968 ]\n",
      " [0.97589184 0.73333404 1.14123792 0.80373188 0.99218566 1.10862457\n",
      "  1.07835994]\n",
      " [2.41226364 1.14123792 3.32830326 2.72838521 2.05130494 2.5389655\n",
      "  2.36566116]\n",
      " [2.32504711 0.80373188 2.72838521 2.68674359 1.56637267 1.8074778\n",
      "  2.03215595]\n",
      " [2.02497223 0.99218566 2.05130494 1.56637267 1.99548316 1.57784247\n",
      "  2.06006911]\n",
      " [1.59703373 1.10862457 2.5389655  1.8074778  1.57784247 2.26141848\n",
      "  1.76583686]\n",
      " [2.3665968  1.07835994 2.36566116 2.03215595 2.06006911 1.76583686\n",
      "  2.36029842]] \n",
      "wynik funkcji\n",
      " [[ 1.00000000e+00 -1.15894399e-15 -7.51427161e-16 -1.14469816e-15\n",
      "  -4.07849899e-14  3.40634368e-14 -6.49776744e-11]\n",
      " [-1.15894399e-15  1.00000000e+00  7.58350170e-15 -1.17684276e-16\n",
      "   4.60183366e-13  4.99986192e-13 -2.39800871e-10]\n",
      " [-7.51427161e-16  7.58350170e-15  1.00000000e+00  2.03241804e-14\n",
      "   3.26298468e-13 -1.35186868e-13  3.16535149e-10]\n",
      " [-1.14469816e-15 -1.17684276e-16  2.03241804e-14  1.00000000e+00\n",
      "   6.06839500e-13 -3.93277918e-13  7.52203037e-10]\n",
      " [-4.07849899e-14  4.60183366e-13  3.26298468e-13  6.06839500e-13\n",
      "   1.00000000e+00 -5.69847908e-11  6.19696204e-08]\n",
      " [ 3.40634368e-14  4.99986192e-13 -1.35186868e-13 -3.93277918e-13\n",
      "  -5.69847908e-11  1.00000000e+00 -2.74312064e-08]\n",
      " [-6.49776744e-11 -2.39800871e-10  3.16535149e-10  7.52203037e-10\n",
      "   6.19696204e-08 -2.74312064e-08  1.00000000e+00]]\n",
      "array [[2.69982643 1.23529463 2.51456379 2.35460508 1.68647437 2.13917256\n",
      "  2.07220477]\n",
      " [1.23529463 1.29900451 1.6158887  1.55442292 1.52420736 1.5517097\n",
      "  1.71055774]\n",
      " [2.51456379 1.6158887  3.20528999 2.4602594  2.22258975 2.22751007\n",
      "  2.33596956]\n",
      " [2.35460508 1.55442292 2.4602594  2.94774976 1.8207526  2.05571324\n",
      "  2.08914352]\n",
      " [1.68647437 1.52420736 2.22258975 1.8207526  2.096714   1.90585097\n",
      "  1.98111354]\n",
      " [2.13917256 1.5517097  2.22751007 2.05571324 1.90585097 2.26293919\n",
      "  2.41563155]\n",
      " [2.07220477 1.71055774 2.33596956 2.08914352 1.98111354 2.41563155\n",
      "  2.76601757]] \n",
      "wynik funkcji\n",
      " [[ 1.00000000e+00 -8.07779247e-16  1.03329265e-15  1.63786744e-15\n",
      "   2.04521567e-15  4.61633308e-14 -3.29690957e-11]\n",
      " [-8.07779247e-16  1.00000000e+00  8.47308087e-15  8.13661514e-15\n",
      "   1.15001968e-14  2.56516421e-13 -1.64526575e-10]\n",
      " [ 1.03329265e-15  8.47308087e-15  1.00000000e+00 -1.50024343e-14\n",
      "  -7.40126785e-14 -6.36298014e-13  2.80383313e-10]\n",
      " [ 1.63786744e-15  8.13661514e-15 -1.50024343e-14  1.00000000e+00\n",
      "  -5.85190652e-14 -6.62887895e-13  3.52499892e-10]\n",
      " [ 2.04521567e-15  1.15001968e-14 -7.40126785e-14 -5.85190652e-14\n",
      "   1.00000000e+00 -1.41374470e-12  9.77174878e-10]\n",
      " [ 4.61633308e-14  2.56516421e-13 -6.36298014e-13 -6.62887895e-13\n",
      "  -1.41374470e-12  1.00000000e+00 -1.68416760e-08]\n",
      " [-3.29690957e-11 -1.64526575e-10  2.80383313e-10  3.52499892e-10\n",
      "   9.77174878e-10 -1.68416760e-08  1.00000000e+00]]\n",
      "array [[2.19961642 0.99478951 1.75363335 1.54431274 1.66717531 2.3806236\n",
      "  1.57523621]\n",
      " [0.99478951 0.8705774  1.24403284 0.95009229 0.87410019 1.19877513\n",
      "  1.00747235]\n",
      " [1.75363335 1.24403284 2.67017721 1.65657653 1.72411559 2.74985878\n",
      "  2.3525277 ]\n",
      " [1.54431274 0.95009229 1.65657653 2.04596685 1.01809258 1.64646911\n",
      "  1.64704816]\n",
      " [1.66717531 0.87410019 1.72411559 1.01809258 1.5373415  2.21654856\n",
      "  1.61413508]\n",
      " [2.3806236  1.19877513 2.74985878 1.64646911 2.21654856 3.43631304\n",
      "  2.61719707]\n",
      " [1.57523621 1.00747235 2.3525277  1.64704816 1.61413508 2.61719707\n",
      "  2.61857796]] \n",
      "wynik funkcji\n",
      " [[ 1.00000000e+00  2.01160158e-15 -7.61271217e-16 -1.40141567e-15\n",
      "   6.24160809e-15 -4.38996061e-14 -2.34330858e-09]\n",
      " [ 2.01160158e-15  1.00000000e+00 -1.30275226e-14 -1.05446174e-14\n",
      "  -5.33261275e-14  9.94618736e-14  1.05909034e-07]\n",
      " [-7.61271217e-16 -1.30275226e-14  1.00000000e+00  1.37077842e-14\n",
      "   8.28904337e-14  1.05324445e-13 -9.94122081e-08]\n",
      " [-1.40141567e-15 -1.05446174e-14  1.37077842e-14  1.00000000e+00\n",
      "   1.57745275e-14 -5.00539041e-14 -1.04673372e-08]\n",
      " [ 6.24160809e-15 -5.33261275e-14  8.28904337e-14  1.57745275e-14\n",
      "   1.00000000e+00 -3.21706469e-12  6.89270975e-09]\n",
      " [-4.38996061e-14  9.94618736e-14  1.05324445e-13 -5.00539041e-14\n",
      "  -3.21706469e-12  1.00000000e+00  5.80135584e-06]\n",
      " [-2.34330858e-09  1.05909034e-07 -9.94122081e-08 -1.04673372e-08\n",
      "   6.89270975e-09  5.80135584e-06  1.00000000e+00]]\n",
      "array [[2.82037188 1.60187141 2.59918862 2.01734145 1.39259438 2.75314378\n",
      "  2.53147363]\n",
      " [1.60187141 1.63941818 1.48529322 1.54898057 1.02535882 1.9538679\n",
      "  1.02622798]\n",
      " [2.59918862 1.48529322 3.15644805 2.5997675  1.72203791 3.13164632\n",
      "  2.54972574]\n",
      " [2.01734145 1.54898057 2.5997675  2.91981227 2.03602495 2.74760087\n",
      "  1.84447567]\n",
      " [1.39259438 1.02535882 1.72203791 2.03602495 1.63060903 2.09202607\n",
      "  1.38570246]\n",
      " [2.75314378 1.9538679  3.13164632 2.74760087 2.09202607 3.92725696\n",
      "  2.57585473]\n",
      " [2.53147363 1.02622798 2.54972574 1.84447567 1.38570246 2.57585473\n",
      "  2.62809737]] \n",
      "wynik funkcji\n",
      " [[ 1.00000000e+00  6.75938796e-16  3.75314766e-16 -6.39143799e-16\n",
      "   1.29235345e-15 -1.67253839e-14  6.30060274e-11]\n",
      " [ 6.75938796e-16  1.00000000e+00 -5.99966228e-15  4.75126765e-15\n",
      "  -7.13710390e-16 -8.15353472e-16 -3.83388881e-10]\n",
      " [ 3.75314766e-16 -5.99966228e-15  1.00000000e+00  5.63142864e-15\n",
      "  -2.91074619e-15  6.37872258e-14 -7.82017751e-10]\n",
      " [-6.39143799e-16  4.75126765e-15  5.63142864e-15  1.00000000e+00\n",
      "  -1.78615377e-14  1.20096840e-13  1.10264228e-09]\n",
      " [ 1.29235345e-15 -7.13710390e-16 -2.91074619e-15 -1.78615377e-14\n",
      "   1.00000000e+00 -1.48537091e-13 -9.75707735e-10]\n",
      " [-1.67253839e-14 -8.15353472e-16  6.37872258e-14  1.20096840e-13\n",
      "  -1.48537091e-13  1.00000000e+00  1.54036617e-08]\n",
      " [ 6.30060274e-11 -3.83388881e-10 -7.82017751e-10  1.10264228e-09\n",
      "  -9.75707735e-10  1.54036617e-08  1.00000000e+00]]\n",
      "array [[1.93416534 1.18227086 1.59594125 1.1560662  2.08672692 1.74480737\n",
      "  2.34469205]\n",
      " [1.18227086 1.3641228  1.40784133 0.94671774 1.70899895 1.53953078\n",
      "  1.77377152]\n",
      " [1.59594125 1.40784133 2.34305736 1.33040328 2.24629922 1.60327581\n",
      "  2.0825652 ]\n",
      " [1.1560662  0.94671774 1.33040328 0.96214765 1.35745638 0.96326813\n",
      "  1.49448745]\n",
